0100100100010000000011000011000110110111000011010000110000111000000010000011110011011000011101000110
0011011110110000011010100011001000110100111110001101110011110000111011111101111001110001111000001101
0001110101011011001100000011001001110100101110010011010100101101110111001101111100000100011011001100
0010111000000110011100101110001001100100000111010000010000111110110000111001111100000011000011100100
0100011001101111001101100011101100011001010100110100001100001011010110111001000010111001000101101000
0111110100111010111111110111011000101011010101001101010001100110111110010001100000110011110101110010
0100101100010010101000001111111000111001110110101100111111111111001100011100100011111101010110011111
0111100010000001100010100110110000001011101111101101000000101001010000010001101100101101100011101100
0111111011111011100001100011010111100110001011010011000111111101000100011111010101100101000010110000
1001000110110111100110101101001111000000100000111001010011000100111110001101101101100011100100101100
0111111110010101100110010011011011111110101101011000110001011111101110101011010100001001110010101101
1000101011111010111000111010011001010011000010111110011110110010111001111010011110100100111011101101
0000111111111001110010000011010000001000101111010101101100100111000110100110111011100011100111111001
0111000101000000110000110110010111100010101100101110100000111011011101110110100000101010011001101001
0011101010001010111000011110110011101000010011110010100011010100011000100111111010111001000110101111
1000100111110011111000000011011110110101110110101110111101001010000111111000110011111111000001000000
1011111101000111110001100001100110010010000010111010011100100011111101100000001001110101111001000000
0111100101001011100101010001011001111010011111101111010100111110101110001101111000101110111011011011
1010111001011000011000111111110000110111100111000110111101110110101110111010011010101111111101110100
1100111000100111000110111010100001101010110010000110110101100011011001011000100101000111011010111001
1010011010000001000101101101111000101101010010110010101010111111001111111010100010100011101011110110
1010001111001101110010111110000110101100100011110011010110011100010011011011010010110011110110101011
0001101000110010110001001001111101000001001110001101100011000000100010111010100100110001010101110001
0011110110100111001010010000010000101100010100100111001101101001111011111010111011001100111010110000
1111111101101111001010000101011101110011110111101001100001010110011110001001010011110110001111001100
0010000100000100101010001101001101100001101100101000100100111111110111001110110001110101000100111101
1011100011010011100011001110111011111011101110100000110110001010111100001101110100010001100111111110
1011010001111000010111100101001111110010011011110101101100111110000100001110101001011001110111001011
1010010111000000110001111101011001011110100101000111110100000110001010001101011001110001011111110100
1110100011110101101100111100001100101101001110100100000011111100101110111010000111010000010011101101
0011001011111000110111101001101010011110011101000111111011111010101101110110010011111001010101111010
0011101011101110001100011011110000110101010011000110001100111111111010011101110110010110110011010110
0011111101001001001101011000010011011011101000001101000010100111011101010100100100011011100111100111
0100011111011100000111010000011100111011101000101110010010100111110001101111010111011101100011000101
1110001011101110100100011010011010001111110010111011111011101100101111010010100100100010111011101101
1110011101000111100000011110001010110011111100101110111101011110000001010010110011111100110111001101
0011011111001011111110000010101001001010001111010100011110000000100110001010000010010100011110010001
0100001111110000100101100011111101000011001101010001000011010011100010001101001010001111100011010100
1001010110101011111001110100011110000100001101011010111001110111000111101001001011110001100011111011
0101001101100110001100111010011010011101101101111111000011011110011101000111111001110110101011000101
0101001111011101111111000011101110101001010110001101101010011011101001011110110100000110010001011110
1001100110111111001110000111011010100111110101000110111010000111000110011111101001111110011100100110
0011110001000110000011111000011111111010100101011111011000010011111111000101001110110111101100000100
0101001110111110000100011111101010100110001001111000001011110111001111110100010100001111100010110110
1101000010111100010111110111101001010110111101010001000011101010000111101000111110101110101110101010
0000100111011000011110110111000001010011001111100010001001101001100111011111011100000111010010111011
0011011110101110101001011001010011110001100011111101010100111001001111000001010000010011110111101111
1110000011101001111101111010110111011111000110110111111100001001110101111011100010000100001110111101
1101000100010111010011110001100111000001011010111010111101111100000110100010001010101100000111011111
1000000010001010111110100010110111100111011001111110000010100011011011110010010100110010101111101111
0100111101101000100011111010100001001110010011110001001000010010001101011011010001110100111101010000
0110111001001111100111011001111000001100101010011010001101001000010110010110100111101010010110001011
1100011111011110100111100111011001111101011110111100011000011001100010010101011001100011000110111101
1011001101111101011011001111000011111000100010000101010100101011000110111010100011000111111110011010
1111000011100111011010010000100010111011010010111010100010110010111101011011001110100111010100001000
1001111000110001001100111100001111001101111011111000010010011000000010000001000111000001110100111011
1110010010011111001110011101010011011100001010110111110010110001001000111010011110011100000000001010
0100001010101101111110101001011000111110101100111110100101101101011011111101100110000100011001111110
0111001010110001100000101101110000001111011111001001001111010101101100011111011111000010010011000000
0100000010011111001110111011100111110111001010010111000000010111011001011111010100100010110110111101
0111010100101101011010101000111000000010111111101101001110110100011010010100111110001001110110101101
1100010010011110000000101110110111111011010101101010010100011001111101001000111110101001011011000001
1100011010010010010111011110011010111100111011001111011101101100101100111001011011000000110101100011
1100011000101110110111001001011110101011111111011010001100110101111100010000000111010000110011100111
1110110111011001111001110110101110000100011100001001000111010001001111100111010111111011101100001000
0010100001110010100010001101101111100111011001111110011110101011110000100111100101011010101001100010
0101100001001111001101001011101111010011110011101110111001111101111010000000010001100000001110011111
0111100010011101011001110101110001110010110101000101011111100101101111010110111000010011101010000011
0010000010000100010010010001110100111011010011001001111100001100100101011010111000001111110001001111
1011001000111100001100010011000010111010100101100100111101111010111100001101110010101100011111100000
1001111000011011011100001001000101110010110001101101110101110001110100101000111000110011110111101011
1111011101101111100000110000111100110111101011011100001001110100101101010000100101100111110001101001
0010100010011010111001100011000111011011111110101110000000001000110000101010111111101110110100111101
0101000000011100101111111001110110011110110111000110101000011100111000010001110000001010100001111101
1111011010010110110011101010110110010101001111011101111111111011111010101101100101011110100001111100
1110111100100111111011110001001110101110110000000111101111101100010110000100011100000110000010101000
1001011101111101001011000010001010000110010001010111010111010110000101110000010110100111111010101010
1011001110010010100001101000100011111101001111010011110100101100101011001111000010001111000100111010
1010101010000111110011011111101001000101111100000101010010011111001110111100100111110011101100111110
0110111000110100100111111011000001111101011011010111010010011000010100011111000010011111010101100011
0101011100001011101000010100101110101111011111011100111100010010000010110001000011111001100111111010
1000101111100000101110010011111010110111100101011110111101100100010011111100000100111110000110010010
1001000000000010000101010000010110101111100000101010011001010010011110000110111101111011001111101000
0001001110010111110111001110010101001111101101001111001000001111001000010000111100100001011101010011
0100010111010011111001000101111100110111000010011101101011110010001001011001110101111010101000011001
1110001100011111101110110111101001111010111001110100001111110010011110101110110100110111111100110111
0000100111010111101100101011101010110111101111101111101011110110010101111010110111110011011101111001
1100011010000101101011111011111100010100000011111010110100111101011000111100101101110101000111010010
1101100101011111001101100111100001000010111101100101001111001000101110001000000010010101010011101001
1110110110010101110100001010111010110000100011001010011111001000101111010000101010110100110010000111
0001101000111111010111110101110111000111001111110111010101110000111110100101101001001111011111001110
1000011111100100111111001101110000100111110111010011010111010010001100010110011101000001111001110011
1110010011110000001110100100001010110011111010101111010000100001000011111011111101000010111110011011
0011110001010000010000011110011111001110000011011001010101111011111111101000010111011110001011000110
1010001111101001010011011100001001111000010011101011011110011111001000110100001111110010111110010101
0110111001011011001111100001011111100110110011110111010101101101001110101011000001101111110100001011
1011111010101101110100001011010001111011000100001011110110000111101111001111011100111010101001111101
1110110011111100000010010101101000010000011100011010111000011101000101000010110000110101001111010100
0001010111010011111011000101111010100000100101010101011100101110100001001010111011001111110101111101
0111110000001010000100111100001001111011110110011111011100011001100111110111010111110100100111011101
0011110000001100101110111110011010001111110111100001010110110100001000011111010000101110110000111011
0101101110000010010111001101110100101110110100011010110100001101100011111110000001111101111010001111
1011100011011000111111001011111000010000001001111000100000101111011011111001101000111101100100100000
0011001111001010101100111011000010001101101101100111000011111010000100101101011110010111011111011010
0011100010011010100000001101010100111001000101101011111100101111111001101000111100011010110101011111
0001100111110111110011100110101111011000101110000100101101100010010111111111011100010101101001100100
0011010011010011111011010101101011010001110110001011111000010011111001101000111111001000110110001111
1100101111101111100000011110011110111010110000111010110011100100010110101111000110000101111011011111
0011010001111010000110001101011100001110010000000011001010101100000111110110100111100001001011101000
1001011111111000010111011100010101100011100100001110001111110010111111100110100011110001101101111100
0011001110000101101110010001111110110100111101101010000101111001101000100001101010111011011001010101
1111010001101000110100011101101000011110000001111101111010001111101110001101000011111100101111111010
0100101101000011110100010010101100011100100001110001111100111100000011001011111000110001101111111001
0111111001011110111111110110100111101000111000001000111101101100110110011101000111101110110101000011
1101100000000101011010011111101001110100111101100001100111010000101110101101111011001111010010001111
0100110011100100101111111010011011000011111001101000111101011001110010001011010111111001011111101101
1010100100000111110111011011010011110111101000111110101100001010000010101011100110101111100010011111
0111101000111111010011001101000010101101111110010101011001111011101111110101101010110000100000010001
1100100011011110011100001111110011010001111011000011100001000011011110000101100111001000101101011111
0110100111110001100101001101010001111011101011011111011000000101100111011101000110010001101100010001
0101000110100111111101100010110101000000111100010100000010111111000010000100101011010001110001101011
1101111101110010000111101101001111110011010001111101010010011010000000101110101010010001111011110011
0100010011100100111011110001100001111011001001000101110101101011100001010111001110100011001011110111
1111010110111100111110110110000001000111110101101011100100101111111110011010001000000111110010001111
1000010111110010101011011110011010001011000010001100100101011010011111000101011110010101111011101011
1110110001111100011000000100101100101111011111110000101011001110010100000111101011100001111100111000
1101010100011111010101110010101001110000100101011110001100101000011011100011010010000011000001011011
1001101000000010011111001000111101011011110011110000101111001010101100111101000010101111001111000111
1010000001101001100101010101100101011010011010100111010000001110101010000100111101000011010101011111
0101011110110100111111001101010001100111110011010001111110110000011010010000101111101100010010101000
1010101111100101111110100000111110110100001111011010010100111100011100001100011011111110000110010111
1101000110010111101111111011010110100011111010000001111010111011011011000010110110011101000110010111
1011111111101010000101001001111100011100001010110111000111110000100111000010100000101101001011010100
1111100101000111110011010001111011010001100100110110110111000000111001010110000011000011111100101111
1101000110101100011001011000100010001111100000011111101100001110110100001111101010011110100001010000
0100101101101000100000011110100111001011110111111110100110011110110001100111001101000100001110000001
0001110011101101010000011111000000100001101011101000110110100101111100111000100111111001011011110111
0101110110001000010010101010001111101110110110010010111111111001101000111110111100001101100000010101
1110010001111101100000010000110110000101110111110101001000111101010100111001001010010010001011000011
1010100110111101110000100110110011010110000011011100111010101011110100011110101001101010010000011110
1110010010110010100100111101000010111000000101110011010011111100111011101100101111011111110101010100
1101100100101101101110011111100101011101001101010000001101001111110011010001111000101010110111011001
0111000110010011010011001001111010000101111010110111000011101101000110010011010011011111011101101100
1001011111111100110100011111010001000010011010011101011001110101110000001111111010010001110100100111
0111000111001001010100011110011101100010000101101001000110111001111011000101100001110000011101111100
1111100110100010000001111100100011110001101011011000111001101010010110101101111110011010100011001111
0111011011111011011011101001100111010010000001111111100101011111011000011111110111100011010101111001
1110011110111011101010101110100110010000110010111111010011011111001101000111101110110000000110110111
1100110100000001010011010101001111010111110111011101010010101011010111011110011000010110100111100101
1011001010111110011010001111101111110000111110000101000111110100001011100011001110101010011001001010
1000110111001111011110000110111110011011001111101111100001010010100010100010011110100001011110110110
0010010110100101101011011111010110101000011100001001101101110111100000101101010111111110111110111110
0001010001111011101001111110100110111010011001110110101011001111011001001111101101110111100101111110
0000111111101000010111011101000010100110101110000101101110111111101010001001010100100101101011110110
0010110001011110011000010011000011100111110111010011101101010110011101000010010001101111110010101110
1000111110010010100000100001111111010110111000011111001101010010000010011001110001010100000111000100
0000010010101110101101101111011000100000111010110000100101100001101100101101011101110001000001010110
1101111100110100011110101011011110111111111010000101111011000100111001100001000001100010001000111101
1101100101111111010011111000000001010111011011111000101011000111111011011011101001100111001000101000
1000011101010101001100101111011101010110011110101101110000111010011000000110111101110101110100010011
1110100110111110011010001111110101001101110110101111011111100010111011000111110100001011101011100110
1110011010011100010110111011101101000011110000100101000101010011011111100011001011000110110111110001
1111110011111101101101110100110011101101010110011101111000110001101001011111110101101110000111010100
0000010111110010010001110001111101111100001010110000101001100111110010101111000000110111000101100010
0000111110000111110010110110010101111011111110100101100100100101010011110001111000111110011010100010
0101100101000110110111111011000011011100111100101101110111011010000111011110111001111001011011101011
1001111110110110111010011001110000100101000011111100101011111001101000111111011001110001110000101001
1001001010101111101000110011011101101011000100111101011011111111011000100111001001011010111011110111
1111010000111010010010101001111000111111011110100000010100011110101111001110011010111010010101101111
0001111000101010000001010001101101111110110001011000101100100110100011111101100111000010000010011000
1101011011101001110110001100001111110110100110001100111000111011001010000111111100001110101001010111
1010111110100111010011100101101011101101111000111011100101010111110011010001111101101100011011100000
1010111010111010110110110110000100110100111000001111111101100001001001100111011010101100111100010010
1110101011100011010011111001010111011111101010100101001100000000011010011001111010110111111011110001
1000111110000111010100111000011110001000011010000100100010011011001011111011110101101111100000011101
1010000011110100000111110100001111011111100001110101001110000111110110001101110101100110100011101101
0010110100111011101001110010001011100101010001011001010001010111111011000100000111110011010001100100
0011100010000000010100001011001010001111110100010000001111110010100101101111000001011010111111010011
1000101100111101010101011011000111111001010111000000101111000110011011111011001111110011010011111001
1111001101000110010000111010110010100110010010110100000111100101001111100100100101011111000100001101
1110000110011100110101111010000100000111010110010001110010010110100000101101111110110100011010001100
0001111101001110100111001111010101010110110001111110010101110000001011110001100110111110110011111100
1101001111100111110011010001100100001111101110000001001010111010110110111100100011111001011000110111
1101111100000010010101001111011001100011000011111011001101001000011001011111110010101111010010000000
1111101110000001001010111010110110101101111110111100110011110101001110110011010101100111100000011110
0011011111111101111000110100110001101101111110110001011000101100101011001011111011100011111000000011
1110000001111000110111111101101111111000010011111101100100000011100111110110011110111111001111110011
0100011110100101000100101011101110001111110011010011111001111000010011110001110100111100011000111101
1110001100001011110000000011111101100111000001010110101110111110100010111010111011110111010011000001
1110101001110110011010101100111110001000000001101111011010011101010101111111011110111101101100110100
0100000011110111000000111111001101010100001001111100001110101010111011100000011110111000110111111100
1011010111011111001101000111101011001010011110101100001001000111110101101111110101010010100111100110
0011110000100110111011010110000011011011111110110010011010011001110100010110111100001100110001100011
1101001110100100011110110100011110001011111001001000111011110010010101110110110111100001111111011011
0110111100000010001111010100111011011101100011000001001000011110110100011110001011111001001000111011
1100100101011111011100011111000110100110101101111011100011111100110100011111011001000110110100001010
1111001000111111001101000111110000011001010101100100111011011110101101111111100110100011110001001100
1001011111001011100011010111101101010001001111110101010000000001010000001001111010110111111101111110
1010001100101010001111101101000000001011000111100011001110000011110111101111011000101100010110011000
1111010100111011011101100011000001001000011110111000011110001011111001001000111011110010010101111101
1101001111000110100110101101111011101001111010000100000111101110010100101110010010100101110111111101
0001011110000110001111111000001001110011010111110011010001111110111011111001001101101000100011111010
1101111111100000001111000011001100011011101111101010011101100110101011001111011010111100101101111000
1101001011101101100101101011011111001011011111001101000111111011010101100001100010100111101011011111
1110011010001111110101001101110110101000000111000111010011101110110010111111100110100011111101010101
1000011000101001111010110101111110011011001111010101001110010010010100101101011110000111000011101101
1000011110101001110110011010101100111101101100111101000111110010010100110101100100101011111011101001
1110001101001101011101110111010011111001101100111110000110001101110000010101011110010010011110110110
1110100100101010111110100101010110111001100011001110000011111110010100111110101000010101101001110111
1110100110110011110001100010010000111101110110100011100110010101111100101011101111111000101110000101
1100010000111101001100011011010111101100110110011011011100011110101001110110111011000110000110010000
1111011110001111010001111100100101000001010010010101111101110100111100011010011010111011101110100111
1010110111000011101010110101001100010101100000010110111011100000011110100110000001001101111110111110
0101011111101000010111110011010001100100001110100001100010001011010101010100101111101110110010111110
0001010110110011011000010101111110100001011111001101000110010000111010111001101110011010011100000111
1111101100000111111010010011011100110010011101001100011111001001011010111011110000100100001010100000
1111000001101010011100001111101001101000100011110110101000010111111101100110110010001100100111101010
0111011001101010110011111011000011110100011111001001010000010100100101011111011101001111000110100110
1011101110111010011101111111011000100110111000001010111100101101111000010011000010011011001010001001
0010100010010011101101110110110011110101001110110011010101100111100001110101100001111011101100101111
1011111110110001001101110000010101111001011011110110001001100000111101100001011000101100110100000000
1101111110110000110001100100110000110010100111110100011111101001110100111011010101100110101001011010
1110111000101010000011110000011010100101010110101111100101011110000111010110000110110101111011001101
1001101101101010101101101110110101011110000000111101110000001111011010101100111010001111100100101000
0010100100101011111011101100101111110000000111110000010011000110001111011010101100111110110000111101
0001111100100101000001010010010101111111011101101100100110001111101100011110111010011001001010100011
1100001010100011000101001110101110101000000110111100011001000110100111110000101111100001000001001110
1110110010111110000100110111011010110000110101101110100011000101000100111100011001000110100111101111
1110111010011011111101011000001111110100110000000010111101110101101011110110011011001101100000111011
1101110111011010101100111110111011010111110010110010110001011011110001111110011010011111001110100101
0101111001111101000010111000111101011011111111010011110000010011110101010101011110011111101000100000
0111110101101111100111101000010111000111101011011100001111100000010010111100010100111011101100101111
1110000001001110110011011110001011111001001101001100100101101011110110000100101010111100111110100001
0111000111101011011111111010011110000010011110001110101011110011110001000000010100110101110001000001
0101011111110110011100000000101010000111110110001101111001100011110001100110001100010100101101011110
1101110101010101111001111101000010111000111101011011111111010011110000010011110101010101011110011110
0010000010101101101110111000000101110100111100000110100010000001111000111101011011100001111000010101
1101110010100110011100010101000001110001000000010010101110101101101111000100100010110011100011110101
1011111110111100111110011000010000001010111111011110010101111010011001010000011011001001111010000101
1110111100010000010000100011110111110010011010011001001110111011001011111010011000111101110101110001
0000001010111111011111010101111110011010001111100000100101100101101001111010000101111011110101010001
1001000110011111101101000011011111000111100011001110001010110110101111011001101100110000100010011010
1101111111101001111000011001111110110100100101101111100110100011111011000001110000100000111011001001
1110100001011100011000000101111100100110110000011110100110111000100001000100001001011010111010110111
1110000101100101001101100100101101101110011111100101011110000010100000010100111110000010011100110101
1111001101000111100010011110011100110101111100110100111110011111011101100010111000001100010101111101
0011011100011000110010000100101101011101111001010011100000010101100110111111011001100100110110000011
0110111111011001101100110000000010011010111110110101110001000011011111100101011110000000010110010100
0100100101000100100111011001101100100110110010111101110101011111011010111000100101001111110010101111
0000001010001011111011010111101111011110110010111101110101011111011010111000100101001111110010101111
0000100001010110111110011010111101101010000111000010101000110010110011111110111010101111101101011100
0100101001111110010101110101000111000110100000101110100101111011010011110111010101111101101011100011
0101001111110010101110101000111011010110111100101001001011101100111101101111111100101010111110110101
1100011010100111110111010111101111010001111010010001110111110011010011101110110010111111100101101000
1101110111010010011110100001011110101101110000111110011101001011001000001101110001110011011100100101
0011000111111010100101101010100000100101101100101111011110100111101111101001010110011001110101010100
0001111011110101001010011101001001101111011101111100100110100110111000110111011011101110110010111110
1110010010111110001111110110100111100011110100111011010111000101011101101011110110011100001110001100
1100011011111110111010011101101010101111110000001111000110001101010000011110010110111101111010001111
1011000011110001100010010101011111010000101110101100101001101100011110011101110110101111000001001110
1000111010101111101110101110101011010000011111011101001011011101010110110111111101111010101111000101
1011100100101100101101000101000111110011010011111001110011011000001011011111001101010100000110111011
0101111000010011110001001110001100111111001101000111101011100100010000101001000110000110001110010010
0101001111010000101111100101001011011101100111101110101011011111100101010111110101101111011101010000
1101101011110000010011101001100100110001100011111101001111011000001111011111101101110110010111101111
1011010111100000101110011110010100111011111101101000000101111011111110110100100111011001000101100111
1000010101010110000101101111100101011111100110100011110110001101011110010000100100011011101011110110
1000000101111011111011010111101100111000011000011111111101001111100000001111011111101101000000110001
1001111110111101010001011111101001010011110110110000110011111011110101001010011101011000101110011010
0101111011100100101111011111110000100101000011111101111101100111100001010110111101111100111000000011
1110101101111011111101111010001111101100001101110011111011110011000010110010101101110111101000010111
1001101101001110001100000010010110111000111110111011110011111101010100111101101111101111010001010000
1111101100001101111011110100100111110010101111101101001111010000101111000100111010001010011011000100
1011010010101110011111001101010001100111100001111011111111011110010101111100000000011110001100000011
0001100001011011110010111010011110111100001111101101111110110011011001101110010111110101000101100000
1111100011101101000000110001100111111011110101000101111110100101001111011011000011001111101001011111
0111101000111100000010110111111010100101111011110100111101000010111011101110100011010000010110110011
0001111100110100011110100101001010100111101000010111000101010000010111100100001110100011111000101100
0001010011110000101011011111011110100011110100101001010100111101000011111000111010000011001100100001
1101000111110011100000001111101001110001010010000010011101110010000111101111111110110100111110011101
1010111100111110111010111010010001011111011011010011100010111110111010101101001110011010001000011110
0111001111100110100011111100100111011010111100111110100001111111011010000101011001101000100001101010
1010100110110111011111011000101100001100000111110101001101100000111110011110110100000011001101111111
1100110101001110011110100101001111011011001011001111001101100000101011111100110100011110100110010011
1000011111010000111110110000101101110100010001110100010001111101100110110010001011000111110011110100
1100100111000011110100011101001011111100001000010000101101100111011101100011001101011111001101000111
1110100011001110011110100001111110101101100110110000000010100010010001010010110110111111011101100001
1110111111111011010011111100000010010101010000011101000001011110010110111110000101110010101111001010
1111101010010100100001001111010000111110001100000010010110110101011111111001010101101111011100111110
1110100110010000001000110110111111011010101101001100000111110101001101101000111110011110110100000011
0011011111111100110101001110011110111101100111100011101011011100001110111110001100110001111001111000
1011010100001111011010000001010111101110110000111101111111101001010011110110110010110011110111101111
0110100011110111010111110011110101100111001000101001011110111011101000100000011111100110100010110011
1101110110000111101111111010110101100111110110100111110111010011011101101101100001011011111101101011
0011111100110100011110001010101000110100000111101000011111110011010001011100001110100110110110111010
1111011000110111110011101100010000011111001101000111100010101001011100001010111001111010000111111100
1101000101110000111000101101010010000100100010110000100001011010111101101010110101101101011111101010
0110110100011111001111011010000001100110111111111001010011011001100000101101011110111001011101110110
1011111101010011011011001111100111101101000000110011011111111100110101001110011110100101001111011011
0011000001110110110101000010101111011101011110110010111000110010110001001101111100110110111111100001
0111110011010111011111000100111101110001110001001111010110111010011100001001000100111010011000100101
1011111110000101111100110101110111110001001111011001010101110000100000101101000001111101010011011101
1000010110110011111010100001001110111110001101100010011101101000010001101100110110010000101101100111
0111011000110011010111110011010001111011101101000000110101001111010000111111000010111000010000110110
0101001001000110010001010010111110010101011011110101110111011110111110000001110000001010011100100010
1001010110010000000001110111111100110101001110011110100101001111011011001011100111000010001011001101
0110011101101101001110101011111000010111101100101101111100101100010011011111001111011111000110011000
1111001111011000011111001000101101101111101100010100111000100111100101010110111101100001111100100010
1101101111110110010000000011110100111011101100001111011111110110000011111001011000011110011111100101
0111101101101101010000101111110101001010101101010011101110110001100110101110111110001100110001111001
1110111011101001111100001111011000101010000001001111001010101101111100001110100111110000111110110001
1100001000101001111000010011101000111010011000010000010011110000101011011110110000000101011001101000
1000001001011010111101101110110111101101011111101010011011101001111100111101101000000110011011111111
1001010011011001100000101101011110111001011100110110101111110101001101110000111110011110110100000011
0011011111111100110101001110011110100101001111011011001100000111001101110000100001000001111011101100
1100011000100110000011101001101010011000110001111011000001111001110110100111001100011100001011011011
0111111100101010110111100110111010010000100000111110100111100011000111110010101011011110011101100001
0000100000111101111101011011001011100100101110101111010011010100110001100011110110000011111011111001
0110100111110001101010000110110111111110011010001111000010101101101011001101011110111011000110010000
0001010011110000101111000110011111011000001111101111100001101001111101110110011100001110101010011110
0001010110111111001101000111100000000010101010110110110010110111110111011001110000001000101001111001
0101111001110011111011000001111101111100001101001111010011000000100001111011001101011001111000010101
1011111100110100011111011001001110100000100100111101000001111110011010001111011001011011010000101101
1110100110101000100111001111101100000111100010011011101001100010011001011011111000010101101111100010
0111001111100001100110010100110111110100110111000101101100011101000010011110111101111110111010100110
0011011110110010001100111011110111001011100110101101111011011101001110111010011110101101000001111110
1110101101010001100111011111010110111101101110100111011101001111011110110011110000110000111101111011
1111100110111000110011101100100111100101011110110101101111001101010111011000100000000110101111111100
1010111110011011001111110101101101010110100110011011111100101011111001101110011101110110011110111110
0110111111100110110111010011100001100001111100110111111001010011111001010111101101011011101100000111
1100001100010110001111110010101111101100110010111110101101001100111101000001111110011011001111101111
1010110100010111001000011101011111010000111110110100101001101010100001110000111100011101001100101001
0100111110100001111111011101011010100011001110111101110010111000110011110111110011011111110011011011
1010011100011100001111100110111111001010011111001010111101101011011101100000111110000110001011000111
1110010101111100000010000101010000011101000001011101111100110110011111001111011000010110011010110011
1010110011011101101011101000001010100000011010100111101000011111101011010000001110101100011000111101
0010111101110101110010101111000111011000001100011010011000111000111101001011011101001001001011101101
0101101110100101100100111101000011111011000000010101100110110010000110111010101001101100111011110111
0010111001001111000111110011011111110011011011101001110001110000111110011011111100101001111100101011
1101101011011101100000111110000110001011000111111001010111100101101011100110101110011001010100110111
1110011011111100001001111111111001010111110101000001000100100111110010101001100011100110110010000100
1111111111001010111010011000001110100100110101100100110011111100101010110000111001101100100011011011
1111110010101111011001010111110010101111011110011000011110011111110010101011000011100110110010001101
1110111111001010111000001001101111011100110011111101001101010111000011010000111100001000100100101101
1010101110111110010101011000011100110110010001101111111111101011101011010100101011101011011001111100
1101110001100111100101001111100101011110011100111110110010011110000100010010011111010010100111101101
1000100100101101011110111101011110011000100110110111010011110010101111001110011111011001001111110011
0110011110110110001001001111001011101100100111111000100111001111110100000111110111100100101001101101
1110110100101111101011101101111011001101000100101011111001010111101101011011101100100111110000110011
0110001111110010101111111001111111110011000100101011111001101100010111111001010010111011111000010101
1101011001100001100010011110001100011001000011010110101101000101110011101100100001101011100111000111
0100001010111001001100110111111111111010110000100100101111111111100001011010000101011010010101110010
0101100111011001111111101110010010011010110111101000001111110011011001001111101111011111111100111111
1110011010011100001100011110100001010110100100101110111111111011111111101110100100111111001100011001
1011111111101001011101101011101001101000001011110110100000110110111110100000111111001101101011101100
0010001011110110100110000001111011100110000111001011100010000000111011010100001010111000110000101010
1110111010100111101000001001001111011101010110100001111001000011100110010011101101010000101011110110
0101100111000110000010010011011010101110111000001110011100110011000111110000010000101100111001111011
1101011110011001100001101101111011100011111011001101101110010000001111101011000111011100101111100101
0111011000010111100011110011000000101000110011100111000110001111010001100000101111100110110111001011
1101110110100001011001110110000101101011010101110010111110000011101000101001100111011001011010101111
0110010110011100001000101001001101101010111111100010111001110011111100001000110101011111111100110110
1011111011011110110101101100101000000000101111010000011110110010001010010111101100111010000010010001
0001011110000000010110110111000001010011001111011101100101011001110001100000100100110110101011111110
0000111001110011111100001000110101011111111100110110101111011110111100111110111100100100111101111101
0110100001111001000011100110010111101000001111011001000101001011111011101100001010000100000101001100
1111011100101110011001011011010101111100001000001001001101101011001111100000111001111000111100001000
1101011001111110111101101011111011010011111000111011101101000110111001111000111101100110110011100110
1011000111011010001110000100010111101000001111011001110101010001100110010100100100111100001011100111
0000111110000011111001001100100011001010101010111110000100000100100110110101100111110000100000111100
0111100001000110101100111111011110110101110010001110101001010110011101011101010111000000000000010011
0111111001001010110001010010101011010100010101000010001011110100001111101100111110101010011101000000
1110110110101100000111110010011001000110011001010101111100011000001001001101101011010011100001000001
1110001111000110000101011010011110111101101011111010111001000001100000011111010101010101100100010111
0010100111010000100010001011110100001111111001000110011110011100000011101000000011100001111100001111
1100100110011011001111110111001010111110011101010111111010001110011011001111101111011011110110001010
1111001101010111110001100000100100110110101101000001010111000010000011110001111000110000101011010011
1100100011010111010001101011110010011011101011001000111011011110000011111101000011111110010101100101
0100000110001100001111100001111000100000100110010101001010111110001100000100100110110101101001110000
1000001111000111100011000010101101001110101100000010000001100111111011100010011100111110111001101101
1111101001010100110101101110001001110011111101000011111100100110111000001000101000001000101000110011
0110011010001110111001101101111010110000001000000110011111101011010110010001110110111100000110010100
0011010101100001111000100000100100100101001101101111100101110110100011111101111011100000101111101101
1111010001101000010001100100001011111100101110110100011111100101010111100110101011111000110000010010
0110110101101001110000100000111100010001011111100101110110100011111100101010111100110101011111100010
1111100001000001111000111100011000010101101001110101100000010000001100111110110100011010110101010001
1101111101110011011011110101100000010000001100111111011011111010110011010101100010111110001100001010
1101011110101100001010000010010011100011011011110110101110111001101101111010110000101000001001001111
1001110001011100100001001111110010101011110010110001001110011111011000010111011101100010011010111101
1101011100011101001010010011011111100101101001111101111011011110111110110101111001001111001011101101
0001111101111001110011111101000101111110100001111010011010110011001000111111001111011100010011011010
0000100011001001111101100010011011111001100100101111101010100011111011100110110111110010111011100010
1101011111010101000110110010111011001100010000100101001010010100011110111001101101111110100011110100
0111011100010011010000101100101111101000110110000101010110100001101101110011101100011110111001101101
1111101000110001111011110111010100111000110011000101100101111001011000100111100011101100001011101110
1100011000010111101110101110110011111010100000111111101101110011011010001111011100110110111100101000
0011100110111100000111111011110110101111001011010000001101001011110100001111110111101101011110101100
0011011110010000100100000001000101111001001111100010010001111001001001100100100010000000100101110111
1011111110000111001010111001000111000110000010010111011110111111100001110010101110011101110001011011
1011011100110001010111000101111010100110111110010010111000110101011110011011011101101100110010001111
00101010111100000000101110001100000100101111000101111111000100000011011101011010100011011101000