'I'
0' '
00'a'
100'm'
11
000'h'
01
1000'p'
0001
0000'y'
10
11000't'
01100'o'
01
10000'j'
0011
00100'
i'
111100'n'
01
111000'w'
11101
11100
11100
01
11100
000
110100'u'
01
1011
001
100000'd'
1110
1001
0
1
1100
10011
01
01001
0110
1110
1110
01
10111
1100
000100'l'
1100001
01
1100000'g'
001
01
110001
001

1001
0000
01
1101
0000
01
0000
1111
1011000's'
1110
000
0011000'r'
0010
00
1100
1101111
00
1101
100
0
11101100'e'
01
001101
000011
0000101
1010
1101
110010
00010
1110
01
00010
11010
000111
1101
0011
1
0101
1111
111011
1011
000
1010
1101
0101
00
11010100'f'
1111
10010
00
11000001
10011
11010
11100
100
10
010
110001
00
1010
1000
00
1111
11100
0111
00
11101
1010
11001
1111
1111
11100
11000
111
001
0001
11
111
010
1011001
11110
111
1000
1000
000
1100
010
1001
10110000'.'
111
110110100'
'
01010000'F'
11
00
101101100'v'
0011
111
10111
110111000'c'
010
11110
0110
00
10110
1001
1000
11111
11010
00
1000
11
11101
010
110010100','
00
1001
00
011011
0111
1001
1010
1101
00
111100000'A'
110010
1001
1000
1001
1
1110001
1011
0110
11000111
00
1001
0110
00
111111
11001
010
11001
1001
00
11011
01111
111010
1101011
00'b'
1111
1101110
1010
1101010
00
0100
11100
1010
110110
001
01011
111
01011
1000
111
0100
1100
101
0
0110
00010
111
1100
1111
01100
1011
10011
1101001
111
0100
1001
110111
0110
1000
01111
111
1100
11
100
1000
00
110100000'E'
111010
1011
0110
010011
1000
1101001
1011
1011
1000
1110
0111
111
001011100
'P'
0011
000
011011
001011
1100
01010
1100
1011
1010
000
0111
01101110
111
011010000'T'
11001
1010
0
100
111
01010
001
01011
1000
0111
1011
001
1101000
0100
111
10010
1000
110101
0001
1000
1001
111
110
101
1100
10001
1010
111
1100
0100
111
1100
111
110000
0001
1011
1101
1010
111
01101011
1011
1101
001
01
000
0111
111
000
1100111
111
11000
001
000000
1011
111
1010
001
111
10001
1000
011001
100100
1000

001
0111
0100
111
001
000111
111
011000000'N'
1011
110010
0000
001
111
0010
100101
1100
10101000
10
11
0011
1101001
111
110111
10101
001
111
10101
1100
01101
111
0001011
1011
1011
0110
111
0101
1100
1
011
0000
1100
01111
111
1000
0110
111
1001
11000
1101
111
011101
101011
1011
10100
1101
0101
111
111
1
011101
00
110011
1000
1001
11000
1101
11010
1000
0110
101011
00
1000
0110
110101100
0110110
0101
1
000
1001
01000
1110
11010111
00
110100110
1000
00
01000
1011
01101
1110
00
1011
0101
00
1011
00
1010
1010
1111
110011
1111
1010100
0101
00
01110
1011
110110
1010001
11100
1101
1100
1011111000'k'
00
100
0
1111
00
1101
0110
01110
00
1001
10110
1101
00
101100
1111
0110
101011
00
0110
1000
110010
11000
10
01
00
1111
101000
00
1001
11000
1101
1000
11000
00
01000
1011
1010100
1001
1000
10101011
1000
1001
1
11011
0100111
00
1010010000'B'
1100010
1001
00
1110
0110
1101
00
11110
1111101
0111
01100
11001
1101

01100
00
111111
1101
1011
11001
0100
00
101011
1011
1001
1110
11110
1001100
00
1010
11001
1110
00
1
00101001
1110
110001
11100
1100
00
1000
0100
00
0100
1010
1000
110100
110110
00
0110
1100
1010
00
10
0100
11111
1110
1110
0111011
00
0111010100'O'
0110
1110
00
11010
011100
0110
01110
11101
1111
01110

111
01000
001
1011
0001
0101
111
00001
1011
1010
001
0001
1001111
111
1010
11010
001
111
00001
0111

100101
001
111
1100
100110
111
1010
11011
001
111
10000100
001
110101
0010
1100
111
0111
0010
111
01
00
1011
1000
00011
00011
111
0101
1001
01111
01001
01000
111
110100
0001
1000
1010001
1010110
01110

001
01111
111
0100111
01000
111
1010
11011
001
111
00001
1001
0110
1001
110100
10000
001
111
1100
10
1110
111
0100
001
110100
0001
001
110110
1001
1001
0111
1100
0110
111
1010
0110
10100
111
1001
11010

001
111
110111
11010
1011
0111
0110
0100
111
1100
101010
111
10100
0111
0101
110111
0001
1000
11011
1
1000
0110
1010
1001
1000
1100
0110
0111111
111
010011101
110110010
11011001101
0110
001
111
11010

010010
0110
10110
0001
001
10110
111
01000
001
1010
0001
0100
111
01110
1010
1001
001
0001
1011100
1
11
1001
11010
001
111
10111000
001
110100
0001
1100
111
01110
1000
10111001
001
0100
111
1100
0110
1
11
1010
111
01110
1100
0110
001
01111
00010
111
0111
0100
10001
1010
0110
10001
111
1100
101110
111

1101110
1100
10111101
001
0100
1001
00010
111
0111
0110
111
1001
11010
001
111
00000
0111
10001
0101

1001
111
1100
101110
111
1010
111
1000000
1010
0101
1001
111
1100
110111
001
1010
0110
111
1100
101
111
111
00000
1010
1001
001
0100
0111
1010
10001
111
000000
0100
1100
0101
000001
001
0100
0111
1001

00010
1000011
111
100001001
0110
001
111
11010
000110
0110
10100
0100
001
10100
111
00010
001
1010

0101
0001
111
10001
1010
1001
001
0101
1010101
111
1001
11010
001
111
0000100
001
101011
0101
1100
1
11
0111
0001
111
0100
1001
0111
10001
10001
111
10110
1010
0110
110011
000110
0111
0100
11010
0111
0
110
110111
111
1000
0110
111
1001
11010
001
111
110011
1011
0101
0110
001
0101
0100
111
1011
101111

111
000011101
110101
001
0101
1000
110110
1010
0110
111
0100
1011
110110
1000
001
1001
00010
111
101
0
0110
01101
111
110011
1000
0111
01101
0100
111
11010
1000
110111
0100
001
11000
110011
111
1010
01
11
111
001
11001001100'x'
1000
11000
001
111
1000
0111
111
11010
1001
0101
111
1011
000010
0111
111

11000
1010
0111
01101
111
01100000100'S'
1011
111
000010
001
111
11010
1010
0110001
001
111
00000
10
11
110111
001
111
11010
001
0100
001
111
1000
1011
01101
1010
00010
111
1000
1011
111
01111
0100
101
0
110111
1010
1000
1000
01110101000'z'
001
111
1010
111
0101
11010
1010
00001
001
110110
000111
1011
0
111
00000
1010
0110
01111
1000
1000
1001
1010
0110
0111011
111
01110000
01110100
101110110
0110
11
1
1010
111
0101
001
0110
0101
001
111
000110
001
111
11010
1010
0111001
001
111
00000
1010
00001
001

111
0111
1011
111
1100
000111
0100
111
11011110
1011
0111
0111
1100
0110
110111111100'''
0101
111
0
1110001000'C'
1011
1101110
1000
1000
1011
10100
111
1000
1100
111
00000
1011
0101
11010
111
1011
111

00000
11010
001
00010
1010110000
0111011
111
10000000100'W'
11010
001
0110
111
1001
11011
001
111
1
100
0001
01000
11011
0111
1001
001
01001
1001
0101
111
1011
110100
111
1011
010001
0001
111
101010
0
001
001
1100
1001
111
0001
001
000010
010001
10101101
10100
0111
01001
111
010100
0001
1011
1001
001

111
1001
11011
001
111
00000
1100
101010
0110
1000
110100
1000
01011
001
0110
1001
111
010100
1011

0001
01111
0001
111
1011
110100
111
1001
11011
001
111
10101111011
1100
0110
0001
1001
1000
1001
010
101
1001
1000
1100
0110
111
1011
0110
01101
111
1010
11011
001
111
00001111100'D'
001
01010
10010
10
11
0001
1011
1010
1000
1100
0111
111
1100
110101
111
00001110
0111
01101
001
000010
001
0111
01101
0
01
0111
01010
001
0110010
111
1010
11011
001
110100
111
010100
001
0001
001
111
0001
1000
100110
011
1
1000
0111
100110
111
1011
111
000010
0100
1100
00000
1000
0001
0001
1100
0001
110100
111
0111
1100

1001
001
111
1001
1100
111
010100
11011
1000
01010
11011
111
001
0110001
001
0001
110100
111
100111
000
00000
001
0100
1000
01010
1011
0111
111
010100
1011
0001
111
1010
1100
111
110100
1011
01101
011
01
111
11011
001
1000
0100
0110011
111
10011100
10101100
0110000010
11011
1000
0001
111
0111
1100
10
01
001
111
010101
1011
0001
111
1011
111
000010
0100
1100
00000
1000
0001
001
111
1001
11011
1011
10
01
111
1011
10010
10010
111
00000
001
0111
0110010
111
110101
001
0001
0110110
111
10101110
10100
10
11
01011
010101000
111
00000
001
0111
111
1011
0100
111
011010
001
10100
10100
111
1100
0100
111
011
010
11011
1000
1001
001
111
00000
001
0111
0110111
111
011010
1011
010100
10100
01100
111
11010010
0
01
111
101010
010110
1100
0001
1100
0110
1001
001
001
01110
111
1001
1010
111
1001
11011
001
111
011
1
0110
1100
10110
0111
001
0110
1100
0000110
10110
001
111
0001
1000
101110
11011
1001
0010
111
1010

101111
111
10110
1000
110011
010
111
11000
1000
0000111
010
0001
1001
110011
111
1011
0111
01100
11
1
1001
11011
010
111
000010
001110
0001
0010
001110
1000
1001
111
1001
110101
111
11011
1011
000010

000010
1000
0111
001
0100
0100
0110110
111
11001110
11001111
110011110
1010
111
1000
0100
111
1001
0
101101
0101001
1000
1001
011000
0100
111
1001
1010
01011
1011
110100
111
1001
11011
1011
1001
111
10
1111010
00000
001
0001
1000
00001
1100
111
11011
1100
0100
111
01011
001
110101
1100
011100
10110
10
10
001
01011
111
1001
0110
111
1010
11011
1000
0100
111
010100
0001
1001
00000
1000
0100
0100
1001
0
001
110100
111
0110
1001
1001
001
111
1000
0110
0100
1010
110101
1100
0001
111
1100
0100
111
11011
0
01
0001
111
00001
1000
1001
1000
0101110101
001
0110
0100
111
1011
110101
111
00001
1011
10010
1011

0001
111
1100
0001
001
111
00001
1011
0111
00001
001
0001
0111
001
01100
0110110
111
01011100
0111
0
100
1010
001
1100
01100
111
1011
110101
111
11011
1011
0111
1100
0001
1000
0111
100110
111
1010
1101
1
1000
0100
111
0100
1011
01010
0001
001
01100
111
1100
0110100
10010
1000
100110
1011
1001
1000
110
0
0111
0110111
111
101011100
00000
001
0001
1000
01010
1011
111
11011
1011
0100
111
101010
1000
0000
111
001
0111
111
1001
11011
001
111
01101110
001
101010
0001
1100
111
000010
001
1100
000010
10100
0
01
111
1011
111
0110100
1011
01100
111
01010
11011
001
01010
011110111
0111111
111
1011
111
01010
11
011
001
01011
110100001
111
1001
11011
1100
1001
111
11011
1100
0100
111
01011
1011
00000
001
111
01
11110
1100
01011
00001000
111
00000
1100
0001
01010001
001
01110
111
110100101100'"'
1000
0110
0100

010101
110101
110101
1000
01011
1000
001
0110
1001
111
110101
010101
0110
01110
0100
1010000
1101000
10001
111
11010011
11010011
11010010110
010101
1001
111
000010
001
111
0001
001
110101
010101
0100
0
01
111
1001
1011
111
1010010
001
01111
1000
001
0101001
001
111
1001
11011
1100
1001
111
1001
11011

001
111
1001101
1100
0110
10010011
111
1011
00000
111
1101011011
010111
0100
1001
1000
01010
001
111

1000
0100
111
1101010
1100
0110
10101110
0001
011101
000010
1001
0111010
111
10111110111
001
111
00
01
001
00000
101100
0100
001
111
1001
1001
111
1101010
001
01111
1000
001
0111001
001
111
1010
11011

1100
1010
111
1011
11011
001
0001
001
111
1100
0001
001
111
1000
0110
0100
101001
00000
00000
1000

01010
1000
001
0110
1011
111
00000
101010
0110
01010
0100
111
1000
0110
111
1011
11011
001
111
10100
0
0001
001
1100
1011
111
0111001
1100
101010
01111
1011
0100
111
1001
00000
111
1001
000010
000111
1
001
0000
1011
101010
0110
1000
1011
101001
111
1001
00010
111
1100
11011
1000
0100
111
0110
1011
110
0
1000
1001
0110
0111010
111
101010100001
1001
111
000110
001
111
11011
1011
0111101
001
111
01011
1
001
110100
001
111
1100
1001
111
01011
1011
0100
11011
111
1100
11011
1000
0100
111
01011
11011
001

01011
10101011
0111101
111
1011
111
01011
11011
001
01011
11010110
111
1100
11011
1011
1100
111
0001
10
1000
01011
01011
111
011111
1000
1010000
001
111
101011
0100
111
101011
000111
1001
0110
111
0101
0
001
110100
1011
0110
01010
111
1100
11011
001
111
0000
1000
01011
11011
001
0100
111
1001
00010
11
1
00010
0000
001
001
01010
1001
110100
111
1011
0110
01010
111
0100
001
01011
101011
0000
1000
1100

101001
111
1001
00010
111
101000010
101011
0100
1100
1000
01110
001
1010001
111
11010111
11010111
01
11000111
001
111
11011
1010
1011100
001
111
1010
01011
0100
1001
111
01111
1001
110100
001
111
1100

1001
111
1100
11011
1000
0100
111
11011
1010
01101
01110
1001
000110
001
01100
111
0100
000111
1001

1100
111
1100
1001
111
0000
001
110100
1000
0101
01100
111
110101011
110100
001
0000
1000
01111
1011

111
1010
00010
111
1100
11011
001
111
00010
1000
001
0000
01111
001
111
100111
0000
011011
001
0101

01111
011111
111
1010
00010
111
01111000
1011
000110
1010001
111
1010010100
11011
1000
0100
111
100
0
0100
111
0101
1011
1100
111
1100
1000
110100
001
111
1100
1011
111
001
0101
011011
1001
011011
001

111
1000
0101
111
1100
11011
001
111
01110
101011
01101001110
101011
0000
011011
111
1010
00010
111

01111
1010
1011
01110
1000
0101
101000
111
1011
00010
00010
111
1011
0000
111
1011
1100
111
1011
10
01
11010101
001
111
1011
11011
001
111
1100
0000
1001
0101
101000010000'q'
101011
1000
01110
1000
10
10000101
1000
0110
101001
111
01010
0000
101011
101001
111
1011
00010
111
101010
0000
1001
01010
101
011
1001
01110
1000
0100
101011
1011001
111
11010111
11010111
11000000
1010
000100
111
1000
0100
111

1011
11011
001
111
1011
1000
110011
001
111
1011
1010
111
110100
1001
11011101
001
111
0000
001
100
1
01110
111
1100
11010
001
111
1101111
0000
1010
110110
1000
0100
001
111
1010
00010
111
01100
001
1
10110
1011
01110
0000
1001
01110
011011
1010010
111
0110100
0110101
10100001
1011
000111
111
1000
00
01
111
1011
11010
001
111
1011
1000
110110
001
111
1100
1011
111
0000
1000
0001
001
111
00010
0000
1
011
110110
111
1100
11010
001
111
01100
1001
0000
0001100
111
1001
0101
01100
111
01100
001
0001
101
1
01101
1001
1100
001
111
1010000
1001
01101
01111
001
011101
111
1011
01000
111
0001
001
101010
000
0
001
101010
1001
1100
1000
1011
0101
111
1100
1011
111
1100
11010
001
111
0001
101011
0101
01111
10
00
1100
111
1101111
1001
1100
11010
111
1011
00010
111
0000
1001
01101
1000
1001
01111
111
110111000

101011
0100
1100
1000
01101
001
1010011
111
0110101
0110101
10100011
1011
000101
111
1000
0100
111

1100
11010
001
111
1100
1000
110110
001
111
1100
1011
111
01111
1000
00011
1100
111
1011
101011
0000

111
0101
1001
1100
1000
1011
0101
111
00011
0000
1011
110110
111
1100
11010
001
111
010000110001
10
1011
1000
01110
0100000
0001
1001
0101
01100
0001
111
1011
01001
111
0000
1001
01110
1000
1001
01111

111
1000
0101
110111000
101011
0001
1100
1000
01110
001
111
1100
1011
111
1100
11010
001
111
0001
1
011
01111
1000
01100
111
0000
1011
01110
0100011
111
1011
01001
111
0110101
0000
1011
1100
11010
001

0000
11010
1011
1011
01100
1010101
111
1010001
1010001
10100011
1011
010000
111
1000
0001
111
1011

11010
001
111
1011
1000
110100
001
111
1100
1011
111
110100
1001
0110100
001
111
01000100
101011
000
1
1100
1000
01110
001
111
1001
111
0000
001
1001
01111
1000
1100
011011
111
1100
1011
111
1001
01111

01111
111
1011
01001
111
010001110000'G'
1011
01100
110110011101
0001
111
01110
11010
1000
01111
01
100
0000
001
0101
1010011
111
1010011
1010011
110110000
1100
111
010000
1011
101011
01111
01100
111

1010010
001
111
01001
1001
1100
1001
01111
111
01001
1011
0000
111
1100
11010
001
111
0101
1001
1100

1000
1011
0101
111
1100
1011
111
1011
0110101
001
0000
01111
1011
1011
0110100
111
1011
11010
001
1
11
101011
0000
101000
001
0101
01110
011010
111
1100
01001
111
1011
11010
001
111
110100
1100
110100

001
0101
1011
111
1001
0101
01100
111
1011
1011
111
101011
0101
01100
001
0000
001
0001
1100
1000
1
10111
1001
1100
001
111
1100
11010
001
111
01100
001
1100
001
0000
110111
1000
0101
1001
1100
1000
1
011
0101
111
1011
01001
111
1000
1100
10100110101
0001
111
01110
1011
01111
1011
0000
001
01100
111

01110
1000
1100
1000
1101100010
001
0101
0001
1010011
111
1101100010
11010
1000
0001
111
0001
010000

001
01111
1100
001
0000
1001
0101
101000
111
0001
101011
110111
110111
001
0000
111
1011
01001
111

1100
11010
001
111
10101001
001
101000
0000
1011
1010101001
0001
111
01111
001
101000
1001
1100
1001

110111
1000
1100
001
111
01100
1001
0001
01110
1011
0101
1100
001
0101
1100
111
010001
1001
01111
0
1111
111
0101
1011
1100
111
1101101
1000
0001
0001
111
101011
0101
1100
1001
01111
111
1100
11010
00
1
0000
001
111
1001
0001
111
1000
0101
111
1001
0101
0110111
1001
101000
1011
0000
1000
1100
1001
01
01
101001
111
1000
101011
1100
101011
110111
0101
111
1011
00011
111
00011
0000
001
001
01100
1011
1
10111
111
1000
0101
01100
111
001
0100000111
101011
1000
01111
1001
1100
011010
1010001
111
10101011

1001
0101
001
1100
001
001
0101
111
0001
1001
0100001101
1100
011010
010000011000'-'
1100
11010
000
0
001
001
111
1001
0001
111
0101
1011
1100
111
1000
0101
111
001
0101
01100
111
1010000
101011
1100

111
1000
111
1010000
001
101001
1001
0101
0101
1001
0101
101001
1010100
111
010000001
11010
1010
000
1
001
111
010000
11010
1010
111
11010
1011
1101101
001
111
1100
11010
1000
1100
111
1100
11010
001
1
11
11011000
001
101001
0000
1011
111
0110
001
001
01010
001
01010
111
1100
1011
111
1010000
01111
10
11
010000
111
1011
01001
01001
111
0001
1100
001
1000
110111
111
1000
0110
01011
111
010001
1001
011
11
01111
111
0110
1011
010001
111
1010000
001
111
01011
1011
0110
1100
001
0110
1100
111
010001
1001

01111
01111
111
11010
1000
0101001
001
111
1000
111
0000
101011
01110
001
111
1000
010011
1000
0101
000
001
0110
1001
0110
101001
111
1001
01000
111
1100
11010
001
111
0110
1000
1100
1001
1011
0110
11
1
0000
001
1100
101011
0000
0110
0001
111
1100
1011
111
1010001
101011
0001
1001
0110
001
0001
0001

111
1000
0001
111
110110
0001
110110
1000
01111
1010100
111
1010000
1010000
010010110
11010
001
0000

001
111
010011
1001
01111
01111
111
1010011
001
111
0110
001
1001
1100
11010
001
0000
111
0000
001

0001
1100
111
0110
1010
0000
111
1100
0000
1000
0110
1011101000
110110
1001
01111
1001
1100
010011
1
11
1001
0110
111
101110101
110110
001
0000
1001
01010
1000
111
110111
0110
1100
1001
01111
111
1100

11010
001
111
10111100
001
101100
0000
1010
111
1001
0001
111
101100
0000
1000
0110
1100
001
01110
1
11
11010
1001
0001
111
01010
1001
1100
1001
010010010
001
0110
0001
11010
1001
1011110
111
0000
1001

101100
11010
1100
0001
1011100
111
010101011
11010
001
111
010100
11010
1001
0000
01111
011100
1001

0110
01010
0100
111
1010
00010
111
0000
001
0111001
1010
01111
1100
111
011101
1001
01111
01111
111

01010
1010
0110
1100
1001
0110
110111
001
111
1100
1010
111
0100
11010
1000
0001101
001
111
1100
11
010
001
111
00010
1010
110111
0110
01011
1000
1100
1001
1010
0110
0100
111
1010
00010
111
1010
11011
1
0000
111
0110
1000
1100
1001
1010
0110
111
110111
0110
1100
1001
01111
111
1100
11010
001
111
1010
001
0000
1001
101001
11010
1100
111
01011
1000
000111
111
1010
01000
111
01001001
110111
0001
1100
1
001
01010
001
111
001
110110
001
0000
101101
001
0001
1011100
111
1011000
1011000
0111000001
110111

1100
111
1100
11010
001
0000
001
111
1001
0001
111
0001
1010
110110
001
1100
11010
1001
0110
101101

111
1100
11010
1000
1100
111
101110110
111
110110
110111
0100
1100
111
0100
1000
000111
111
1100
101
0
111
110110
000111
111
1011110
001
1010
1011110
01111
001
111
011101
11010
1010
111
0100
1100
1000

0110
01011
111
1010
0110
111
1100
11010
001
111
011101
1000
0000
110110
111
1100
11010
0000
001
0100

11010
1010
01111
01011
111
011101
11010
1001
01010
11010
111
01111
001
1000
01011
0100
111
1001
011
0
1100
1010
111
1100
11010
001
111
1011111
1000
01111
1000
01010
001
111
1010
00010
111
00011001
110
101
0100
1100
1001
01010
001
1011100
111
101111000
0110
111
1100
11011
001
111
1011111
0000
1010
010
10
001
0100
0100
111
1010
00010
111
101101
1000
1001
0110
1001
0110
101101
111
1010
110101
0000
111

0000
1001
101101
11011
1100
00010
110101
01111
111
1011111
01111
1000
01010
001
111
011101
001
111
1
10100
110111
0100
1100
111
0110
1010
1100
111
1011001
001
111
101101
110111
1001
01111
1100
000111
1
11
1010
00010
111
011101
0000
1010
0110
101110
00010
110111
01111
111
01010
001
001
01010
0100
10110
10
111
1011000
1011000
1011110011000'L'
001
1100
111
110111
0100
111
0110
1010
1100
111
0100
001
001

0001101
111
1100
1010
111
0100
0111
1100
1001
0100
00010
000111
111
1010
110111
0000
111
1100
11010

1001
0000
0100
1100
111
00010
1010
0000
111
00010
0000
001
001
01011
1010
110110
111
1011000
100000

111
01011
0000
1001
0110
0001101
1001
0110
101110
111
00010
0000
1010
110110
111
1100
11010
001
111

01010
110111
1011111
111
1010
00010
111
1011000
1001
1100
1100
001
0000
0110
001
0001
0001
111
0111

0110
01011
111
11010
0111
1100
0000
001
01011
1011011
111
0001010110
001
111
110110
110111
0100
110
0
111
001
0001010
001
0000
111
01010
1010
0110
01011
110111
01010
1100
111
1010
110111
0000
111
0100

1100
0000
110111
101110
101110
10001
001
111
1010
0110
111
1100
11010
001
111
11010
1001
101110
110
10
111
1011111
10001
0111
0110
001
111
1010
00010
111
01011
1001
101110
0110
1001
1100
010110
111
01
11
0110
10000
111
10000
1001
0100
01010
1001
1011111
10001
1001
0110
001
1011011
111
0001111111
001

111
110110
110111
0100
1100
111
0110
1010
1100
111
0111
10001
10001
1010
010111
111
1010
110111
0000

111
01010
0000
001
0111
1100
1001
0001110
001
111
1011111
0000
1010
1100
001
0100
1100
111
1100
101
0
111
10000
001
101110
001
0110
001
0000
0111
1100
001
111
1001
0110
1100
1010
111
1011111
11010
010
110
0100
1001
01010
0111
10001
111
0001111
1001
1010
10001
001
0110
01010
001
1011011
111
101100001

101110
0111
1001
0110
111
0111
0110
10000
111
0111
101110
0111
1001
0110
111
010111
001
111
110110
1
10111
0100
1100
111
0000
1001
0100
001
111
1100
1010
111
1100
11010
001
111
110110
0111
00011100
001

0100
1100
1001
01010
111
11010
001
1001
101110
11010
1100
0100
111
1010
110111
111
110110
001
001
1
100
1001
0110
101110
111
1011111
11010
000111
0100
1001
01010
0111
10001
111
110111
1010
0000
01010

001
111
010111
1001
1100
11010
111
0100
1010
110111
10001
111
00010
1010
0000
01010
001
1011011
111

1011000
1011000
101100100
11010
001
111
110110
0111
0000
1000001
001
10001
1010
110111
0100
111
0110

001
100001
111
110110
1001
10001
1001
1100
0111
0110
01010
000111
111
100001
11010
1001
01011
11010

111
11010
0111
0100
111
001
0110
101110
110111
10001
110111
001
01010
111
1100
11010
001
111
101101
10
001
101110
0000
1010
111
01011
1010
110110
110110
00010
0110
1001
1100
000111
111
110110
00010
01
00
1100
111
0110
1010
1100
111
10001
001
0111
01010
111
00011
0100
111
1100
1010
111
0111
111
01010

1001
0100
1100
0000
00011
0100
1100
111
1010
110111
111
0111
10001
10001
111
100001
11010
1001
1100

001
111
000100
001
1010
000100
10001
001
10110010
111
110111
1010
11011
111
00000
0111
0110
100000
1
11
1010
00001
111
1010
00011
11011
111
100001
11010
1001
1100
001
111
1011000
11011
1010
1100
11010

001
11011
0100
10110100
111
0111
0100
111
001
0001011
1001
01010
001
0110
01010
001
01011
111
101100
0
100000
111
1100
11010
001
1001
0000
111
000100
0000
001
0100
001
0110
01010
001
111
11010
001
0000

001
111
1100
1010
01011
0111
100000
10110101
111
11010
0111
0001011
001
111
01010
1010
110110
001
1
11
1100
1010
111
0000
001
0111
10001
1001
1011111011
001
111
1100
11010
0111
1100
111
1100
11010
001

1001
0000
111
01011
001
0100
1100
1001
0110
100000
111
1001
0100
111
1100
1001
001
01011
111
00010

000110
111
100001
1001
1100
11010
111
1010
00010
0000
111
01011
001
0001
1100
1001
0110
100000
10110
11
111
101101000
11010
001
100000
111
11010
0111
0100111
001
111
01010
1010
110110
001
111
1100
1010

111
0000
001
0111
10001
1001
1011111011
001
111
1100
11010
0111
1100
111
1100
11010
001
1001
0000
1
11
110111
0000
001
001
01011
1010
110110
111
1001
0001
111
1001
0110
001
10111110111
1100
0000
1001

01010
0111
1011001
10001
100001
111
1011001
1010
01000
0110
01011
111
1100
1010
111
1010
01000
0000

111
110111
0000
001
001
01011
1010
110110
1011011
111
1011110011
001
111
01010
0111
0110
0110
1010
1
100
111
100000
0111
10001
10111111
111
0111
10001
1010
0110
001
1011011
111
1011000
1011000
10110010
1
0110
01011
111
0111
0001
111
100000
001
111
100000
0111
10001
10111111
10110111
111
100001
001
111

110110
01000
0001
1100
111
110110
0111
10111111
001
111
1100
11010
001
111
010010
10001
001
01011
1
01110
001
111
1100
11010
0111
1100
111
100001
001
111
0001
11010
0111
10001
10001
111
0111
10001
100
001
0111
100000
0001
111
110110
0111
0000
01010
11010
111
0111
11010
001
0111
01011
1011110
111
0100
11000
001
111
01010
0111
0110
0110
1010
1100
111
1100
01000
0000
0110
111
1011010
0111
01010
1011111
1
1011110
111
101101100
11010
001
0000
001
111
0111
0000
001
111
1100
11010
1010
0001
001
111
100001

11010
1010
111
0111
0000
001
111
0111
0001
10111111
1001
0110
101110
111
1100
11010
001
111
01011
0
01
0100111
1010
1100
001
001
0001
111
1010
110111
111
01010
1001
0100111
1001
10001
111
0000
1001
10
1110
11010
1100
0001
10110111
111
10110010011
010011001
11010
001
0110
111
100001
1001
10001
10001
1
11
010011
1010
01000
111
1011010
001
111
0001
0111
1100
1001
0001
110111
1001
001
01011
101101101111
00'?'
10110110110
111
100000010
001
111
01010
0111
0110
111
0110
001
1000001
001
0000
111
1011010
00
1
111
0001
0111
1100
1001
0001
110111
1001
001
01011
111
0111
0001
111
10001
1010
0110
101101
111
01
11
0001
111
1100
11010
001
111
10110010
001
101101
0000
1010
111
1001
0001
111
1100
11010
001
111
10
00001
1001
01010
1100
1001
110110
111
1010
110111
111
1100
11010
001
111
00010
0110
0100
1011111
001

0111
0001101
0111
1011010
10001
001
111
11010
1010
0000
0000
1010
0000
0100
111
1010
110111
111
101
1111
1010
10001
1001
01010
001
111
1011010
0000
00010
1100
0111
10001
1001
1100
000111
1011110
111
1
011000
1011000
101100110
001
111
01010
0111
0110
111
0110
001
1000001
001
0000
111
1011100
001
111
0
001
0111
1100
1001
0001
110111
1001
001
01011
111
0111
0100
111
10001
1010
0110
101101
111
0111
0100

111
1010
00010
0000
111
1011100
1010
01011
1001
001
0100
10111011
111
11010
001
0111
1000011
000111

111
100000
1001
1100
11010
111
1100
11010
001
111
110111
0111
1100
1001
101101
00010
001
111
1010
1
10111
111
1100
0000
0111
1000011
001
10001
10111011
111
01010
0111
0110
0110
1010
1100
111
101101
01
11
1001
0110
111
10001
1010
01011
101101
1001
0110
101101
111
1001
0110
111
1100
11010
001
111
11011
0
1010
1100
001
10001
0100
111
1010
110111
111
1100
11010
001
111
11010
1001
101110
11010
100000
011
1
000111
0100
111
0111
0110
01011
111
1100
11010
001
111
11010
1010
1100
001
10001
0100
111
1010
110
101
111
1100
11011
001
111
01010
1001
1100
1001
001
0100
1011010
111
1000011
1000011
101101100
001
1
11
01010
0111
0110
0110
1010
1100
111
1011011
001
111
0100
0111
1100
1001
0100
110101
1001
001
01011

111
0111
0100
111
10001
1010
0110
101110
111
0111
0100
111
1100
11011
001
111
10000110
001
101110
0
000
1010
1011110010
0100
111
1011011
0111
0100
1001
01010
111
110100
1010
1011011
1001
10001
1001
11
00
000111
111
1001
0100
111
110101
0000
1010
110100
111
0111
111
0100
110110
0111
10001
10001
001
00
00
111
101110
11010
001
1100
1100
1010
111
1100
1010
111
0111
111
10001
0111
0000
101110
001
0000
11
1
1010
0110
001
1011010
111
1011001
1011001
101101110
001
111
01010
0111
0110
111
0110
001
1000011
0
01
0000
111
1011110
001
111
0100
0111
1100
1001
0100
00010
1001
001
01011
111
0111
0100
111
10001
10
10
0110
101110
111
0111
0100
111
1010
110111
0000
111
01010
11010
1001
10001
01011
0000
001
0110
111

0111
0000
001
111
0100
1100
0000
1001
1011111
1011111
001
01011
111
1010
00010
111
1100
11010
001
1
001
0000
111
0100
001
10001
00010
11010
1010
1010
01011
111
0111
0110
01011
111
0000
1010
1101100
11
01100
001
01011
111
1010
00010
111
1100
11010
001
1001
0000
111
01011
1001
101110
0110
1001
1100
000
111
111
1101100
000111
111
0100
1001
101110
0110
0100
111
0100
1100
0111
1100
1001
0110
101110
111
1
000010010
00010
1010
0000
111
100000
11010
1001
1100
001
111
1010
0110
10001
000111
1011010
10000101
11
111
1011001
1011001
00011001
001
111
01010
0111
0110
0110
1010
1100
111
1101100
001
111
0100
0111

1100
1001
0100
00010
1001
001
01011
111
0111
0100
111
10001
1010
0110
101110
111
0111
0100
111
0111

111
10110001
001
101110
0000
1010
111
1001
0110
111
1000010011000'M'
1001
0100
0100
1001
0100
0100

1001
1101101
1101101
1001
111
01010
0111
0110
0110
1010
1100
111
1000011
1010
1100
001
111
0111
0110

01011
111
0111
111
10110001
001
101110
0000
1010
111
1001
0110
111
10110001
001
100000
111
10110000
101100'Y'
1010
0000
0001101
111
1101100
001
10001
1001
001
1000011
001
0100
111
11010
001
111
11010

0111
0100
111
0110
1010
1100
11010
1001
0110
101110
111
00010
1010
0000
111
100000
11010
1001
01010

11010
111
1100
1010
111
1000011
1010
1100
001
1011010
111
1011001
1011001
10110110
1010
10110110
111

0110
1010
111
100000
001
111
0111
0000
001
111
0110
1010
1100
111
0100
0111
1100
1001
0100
00010
10
01
001
01011
111
0111
0110
01011
111
100000
001
111
100000
1001
10001
10001
111
0110
1010
1100
111
1
101100
001
111
0100
0111
1100
1001
0100
00010
1001
001
01011
111
110111
0110
1100
1001
10001
111
101
100011
110111
0100
1100
1001
01010
001
111
0000
1010
10001
10001
0100
111
01011
1010
100000
0110
111

10001
1001
0001101
001
111
100001
0111
1100
001
0000
0100
111
0111
0110
01011
111
0000
1001
101110

11010
1100
001
1010
110111
0100
0110
001
0100
0100
111
10001
1001
0001101
001
111
0111
111
101110
10
01
101111
11010
1100
000111
111
0100
1100
0000
001
0111
101110
1011010
111
1011001
1011001
101100000

111
0111
101110
111
0110
1010
1100
111
110111
0110
101111
1001
0110
01011
00010
110111
10001
111
11
00
11010
0111
1100
111
0100
1010
101111
001
111
1010
00010
111
000111
1010
110111
111
11010
0111
100
0001
001
111
01010
1010
101111
001
111
11010
001
0000
001
111
1010
110111
1100
111
1010
00010
111
00
0111
1010
110111
0000
111
1100
0000
1001
0111
10001
0100
111
0111
0110
01011
111
1100
0000
1001
1101
100
110111
10001
0111
1100
1001
1010
0110
0100
1011010
111
10110000100
1010
101111
001
111
1010
0001
0
111
000111
1010
110111
111
11010
0111
1000001
001
111
00011
1010
101111
001
111
00010
0000
001
010
0
11010
111
00010
0000
1010
101111
111
0110
0111
0000
0000
1010
100001
111
101100011
0111
1001
10001

111
00011
001
10001
10001
0100
1011010
111
10110111010
1010
101111
001
111
1010
00010
111
000111
10
10
110111
111
11010
0111
1000001
001
111
01010
1010
101111
001
111
00010
0000
1010
110110
111
0111
0
000
001
0111
0100
111
100000
11010
001
0000
001
111
000111
1010
110111
0000
111
1000010101
110111
00
1
0100
1100
111
00010
1010
0000
111
00010
0000
001
001
01011
1010
110110
111
10001
001
00010
1100
11
1
000111
1010
110111
111
1011110
0111
1100
1100
001
0000
001
01011
111
1011110
010101
111
0100
1100

1010
0000
110110
0100
111
1010
00010
111
1011110
001
0000
0100
001
00011
110111
1100
1001
1010
0110

0100
111
0111
0110
01011
111
0100
1100
0111
101110
101110
001
0000
001
01011
111
1011111
010101
111

1100
11010
001
111
100000
1001
0110
01011
0100
111
1010
00010
111
1011110
1010
10001
1001
00011
001

111
1101101
0000
110111
1100
0111
10001
1001
1100
010101
1011010
111
1011001
1011001
1000010001001
1
010
110111
111
11010
0111
1000011
001
111
1101101
001
001
0110
111
1100
11010
001
111
1011000
001
11
00
001
0000
0111
0110
0100
111
1010
00010
111
00011
0000
001
0111
1100
1001
1011000
001
111
0100
110
111
00010
00010
001
0000
1001
0110
101110
1011011
111
10000101100
1010
0110
1100
1001
0110
110111
00
1
111
1100
1010
111
100000
1010
0000
0101001
111
100000
1001
1100
11010
111
1100
11010
001
111
00010

0111
1001
1100
11010
111
1100
11010
0111
1100
111
110111
0110
001
0111
0000
0110
001
01011
111
0100

110111
00011
00011
001
0000
1001
0110
101110
111
1001
0100
111
0000
001
01011
001
101111
1101100
11
00
1001
1011000
001
1011011
111
1011001
1011001
1000000001001
1010
111
1101101
0111
00010
0001101
11
1
1100
1010
111
100000000101
1001
0100
0100
1001
0100
0100
1001
1101100
1101100
1001
10110010
111
10
1110
1010
111
1101101
0111
00010
0101001
111
1100
1010
111
100000010
10001
0111
1101101
0111
101111

0111
10110010
111
101110
1010
111
1101101
0111
00010
0101001
111
1100
1010
111
1000010000
1010
11011
1
1100
11010
111
10110101000
0111
0000
1010
10001
1001
0110
0111
111
101110
1010
111
1101101
0111
00
010
0101001
111
1100
1010
111
01010001110
001
1010
0000
101110
1001
0111
10110100
111
101110
1010
11
1
1101101
0111
00011
0101001
111
1100
1010
111
010100011101
1010
110111
1001
0100
1001
0111
0110
011
1
10110111
111
110010
1010
111
1101101
0111
00011
0101001
111
1011
1010
111
1011
11010
001
111
0100

10001
110111
110011
0100
111
0111
0110
01011
111
110010
11010
001
1011
1011
1010
0100
111
1010
00010

111
1010
110111
0000
111
110011
1010
01011
001
0000
0110
111
00011
1001
1011
1001
001
0100
11000111

111
0101001
0110
1010
100000
1001
0110
110010
111
1011
11010
0111
1011
111
0100
1010
110011
001
110
10
1010
100000
111
1011
11010
1001
0100
111
0100
1001
1011
110111
0111
1100
1001
1010
0110
111
00011

0111
0110
111
0111
0110
01011
111
011100
1001
01111
10001
111
1101101
001
111
00011
11010
0111
0110

101110
001
01011
1011010
111
1011001
1100001
110001100110
001
1011
111
110111
0100
111
0110
1010
10
11
111
100000
0111
10001
10001
1010
100000
111
1001
0110
111
1011
11010
001
111
1011000
0111
10001
1
0001
001
010101
111
1010
00010
111
01011
001
0100
1101100
0111
1001
11011
1011010
111
100000100
111

0100
0111
010101
111
1011
1010
111
010101
1010
00001
111
1011
1010
01011
0111
010101
10110111
111
10
1111
010101
111
00010
11011
1001
001
0110
01011
0100
0101000
111
1100
11010
0111
1100
111
001
101100
0
001
0110
111
1100
11010
1010
00001
101110
11010
111
100001
001
111
00010
0111
00011
001
111
1100
1
1010
001
111
01011
1001
00010
00010
1001
00011
00001
10001
1100
1001
001
0100
111
1010
00010
111
110
0
1010
01011
0111
011001
111
0111
0101
01101
111
1100
1010
101111
1010
11011
11011
1010
100001
10110
10
111
100000100
111
0100
1100
1001
10001
10001
111
11010
0111
1011000
001
111
0111
111
01101
11011

001
0111
101111
1011010
111
100000101
1100
111
1001
0100
111
0111
111
01101
0000
001
0111
101111
111

01101
001
001
1101100
10001
011001
111
0000
1010
1010
1100
001
01101
111
1001
0101
111
1100
11010
0
01
111
011000110
101111
001
0000
1001
00011
0111
0101
111
01101
0000
001
0111
101111
1011010
111
101
1001
1100001
100001111
111
11010
0111
1100000
001
111
0111
111
01101
0000
001
1000
110011
111
1011
1
1010
1000
1011
111
1010
0101
001
111
01101
1000
011001
111
1011
11010
1001
0100
111
0101
1000
1011
1
001
1010
0101
111
011100
1001
01111
01111
111
0000
1001
0100
001
111
110111
1101100
111
1000
0101
01
101
111
01111
1001
1100000
001
111
1010
110111
1011
111
1011
11010
001
111
1011
0000
110111
001
111

101111
001
1000
0101
1001
0101
101110
111
1010
00010
111
1001
1011
0100
111
00011
0000
001
001
01101

1100011
111
011101111
001
111
11010
1010
01111
01101
111
1011
11010
001
0100
001
111
1011
0000
1101
11
1011
11010
0100
111
1100
1010
111
1101101
001
111
0100
001
01111
00010
011101000101
001
1011000
1
001
01101
001
0101
1100
111
1100
11010
1000
1100
111
1000
01111
01111
111
101111
001
0101
111
1000
0
000
001
111
00011
0000
001
1000
1100
001
01101
111
001
0111010011
110111
1000
01111
1011011
111
1011
001
1011001
101110010
111
11010
1000
1011000
001
111
1000
111
01101
0000
001
1000
110011
111
1011
11
010
1000
1011
111
1010
0101
001
111
01101
1000
011001
111
1010
0101
111
1011
11010
001
111
0000
001

01101
111
11010
1001
01111
01111
0100
111
1010
00010
111
01110111010
001
1010
0000
101101
1001
1000

111
1100
11010
001
111
0100
1010
0101
0100
111
1010
00010
111
00010
1010
0000
101111
001
0000
111
01
00
01111
1000
1011000
001
0100
111
1000
0101
01101
111
1011
11010
001
111
0100
1010
0101
0100
111
10
10
00011
111
00011
1010
0000
110011
001
0000
111
0100
01111
1001
1100000
001
111
1010
011100
0101
00
1
0000
0100
111
011100
1000
01111
01111
111
1101101
001
111
1001
1101101
01111
001
111
1011
1010
111

0100
1000
1011
111
01101
1010
011100
0101
111
1011
1010
101101
001
1100
11010
001
0000
111
1001
110
0
111
1100
11010
001
111
1100
1001
1101101
01111
001
111
1010
00011
111
1101101
0000
1010
1100
11010

001
0000
11010
1010
1010
01101
1011101
111
1011000
1011000
01100000
111
11010
1001
1011000
001
111

1001
111
01101
0000
001
1001
101111
111
1100
11010
1001
1100
111
1010
0101
001
111
01101
1001
011001

111
001
1011000
001
0101
111
1100
11010
001
111
0100
1100
1001
1100
001
111
1010
00011
111
01100001
011
0111
0100
0100
0111
0100
0100
0111
1101100
1101100
1000
10110001
111
1001
111
0100
1100
1001
110
0
001
111
0100
011101
001
01111
1100
001
0000
1000
0101
101100
111
011101
1000
1100
11010
111
1100
1
1010
001
111
11010
001
1001
1100
111
1010
00011
111
1010
1101100
1101100
0000
001
0100
0100
1000
101
0
0101
10110111
111
011101
1000
01111
01111
111
1101101
001
111
1100
0000
1001
0101
0100
00011
1010

0000
101111
001
01101
111
1000
0101
1100
1010
111
1001
0101
111
1010
1001
0100
1000
0100
111
1010
00
011
111
00011
0000
001
001
01101
1010
101111
111
1001
0101
01101
111
011100111
110111
0100
1100
1000

00010
001
1011011
111
1011010
1011010
01100000
111
11010
1001
1011010
001
111
1001
111
01101
0000
0
01
1001
101111
111
1100
11010
1001
1100
111
101111
011001
111
00011
1010
110111
0000
111
01111
1000

1100
1100
01111
001
111
00010
11010
1000
01111
01101
0000
001
0101
111
011101
1000
01111
01111
111
1
010
0101
001
111
01101
1001
011001
111
01111
0111
1011010
001
111
0111
0101
111
1001
111
0101
1001
1
100
1000
1010
0101
111
011101
11010
001
0000
001
111
1100
11010
001
011001
111
011101
1000
01111
011
11
111
0101
1010
1100
111
1101101
001
111
101110100
110111
01101
101100
001
01101
111
1101101
011001

111
1100
11010
001
111
00010
1010
10001
1010
0000
111
1010
00011
111
1100
11010
001
0111
0000
111
0
100
11011011
0111
0101
111
011000
110111
1100
111
011000
100000
111
1100
11010
001
111
00010
1010
01
01
1100
001
0101
1100
111
1010
00011
111
1100
11010
001
0111
0000
111
00010
11010
1001
0000
1001
000
10
1100
001
0000
1011010
111
1011010
1011010
110110101
111
11010
1001
1011010
001
111
1001
111
01101

0000
001
1001
101111
111
1100
1010
01101
1001
100000
1011010
111
1011100
1011101
110110101
111
1101
0
1001
1011011
001
111
1001
111
01101
0000
001
1001
101111
111
1100
11010
1001
1100
111
1010
0101
00
1
111
01101
1001
100000
111
01101
1010
100001
0101
111
0111
0101
111
011001011
10001
1001
011000
100
1
101111
1001
10110111
111
100001
0111
1100
11010
111
0111
1100
0100
111
1011100
0111
00010
0111
101
0
110111
0100
111
0000
1001
00010
0111
0100
1100
0100
10110111
111
100001
0111
1100
11010
111
0111
1
100
0100
111
101100
1010
1011100
001
0000
0101
1010
0000
111
11010
1001
1011101
1000
0101
101100
111

11010
1000
0100
111
01111
1000
1101100
0100
111
01101
0000
1000
1101100
1101100
1000
0101
101100
11
1
011101
1000
1100
11010
111
1100
11010
001
111
011101
1010
0000
01101
0100
111
1010
00011
111
1000

0101
1100
001
0000
1101100
1010
0100
1000
1100
1000
1010
0101
111
1001
0101
01101
111
0101
110111
01
111
01111
1000
00011
1000
00010
1001
1100
1000
1010
0101
0110010000000';'
111
1100
11010
1001
1100
1
11
1010
0101
001
111
01101
1001
011100
111
0000
1000
101100
11010
1100
111
01101
1010
011101
0101
11
1
1000
0101
111
011001011
01111
1001
011000
1001
101111
1001
111
01111
1000
1100
1100
01111
001
111

011000
01111
1001
00010
11011011
111
011000
1010
011100
0100
111
1001
0101
01101
111
011000
01111
10
01
00010
11011011
111
101100
1000
0000
01111
0100
111
011101
1000
01111
01111
111
011000
001
111
100
1
011000
01111
001
111
1100
1010
111
101101101
1010
1000
0101
111
11010
1001
0101
01101
0100
111
011
101
1000
1100
11010
111
01111
1000
1100
1100
01111
001
111
011101
11010
0111
1100
001
111
011000
101
0
100000
0100
111
1001
0101
01101
111
100001
11010
0111
1100
001
111
101100
0111
0000
10001
0100
111

1000
0100
111
0100
0111
0100
1100
001
0000
0100
111
1000
0101
01101
111
011000
0000
1010
1100
11010

001
0000
0100
1011010
111
1011011
1011011
110110101
111
11010
1001
1011101
001
111
1001
111
01101
0
000
001
1001
101111
111
1100
1010
01101
1001
100000
1011010
111
1011100
1011100
110110101
111
11010

1001
1011100
001
111
1001
111
01101
0000
001
1001
101111
111
1100
11010
1001
1100
111
1010
0101
001

111
01101
1001
100000
111
001
1011100
001
0000
100000
111
1011101
1001
10001
10001
001
100000
111
01
00
11010
1001
10001
10001
111
011000
001
111
001
11011010011
1001
10001
1100
001
01101
10110111
111

1001
0101
01101
111
001
1011101
001
0000
100000
111
11010
0111
10001
10001
111
1001
0101
01101
111
0
01
1101100
001
0000
100000
111
101111
1010
110110
0101
1100
1001
0111
0101
111
0100
11010
1001
10001

10001
111
011000
001
111
101111
1001
01101
001
111
10001
1010
100001
10110111
111
1100
11010
001
11
1
0000
1010
110110
101100
11010
111
1011101
10001
1001
00000
001
0100
111
100001
0111
10001
10011
11
1
011000
001
111
101111
1000
01101
001
111
1011101
10011
1000
0111
0101
0100
111
1000
0101
01101
111

1100
11010
001
111
00000
0000
1010
1010
11011011
001
01101
111
1011101
10011
1000
00010
001
0100
11
1
100101
0111
10011
10011
111
011000
001
111
101111
1000
01101
001
111
0100
1100
0000
1000
0111
1011
00
11010
1100
111
1000
0101
01101
111
1100
11010
001
111
101100
10011
1010
0000
100100
111
1010
0000
1
111
1100
11010
001
111
01100101101
1010
0001
01101
111
0100
11010
1000
10011
10011
111
011000
001

111
0001
001
1011101
001
1000
10011
001
01101
111
1000
0101
01101
111
1000
10011
10011
111
00001
100
11
001
0100
11011
111
0100
11011
1000
10110
11000
111
0100
001
001
111
0111
1011
111
1011
1010
10011
0
001
1011
11011
001
0001
1001110
111
1011100
1011100
1101011011
11011
0111
0100
111
0111
0100
111
1
010
110100
0001
111
11011
1010
1101010
001
1001110
111
1101011011
11011
0111
0100
111
0111
0100
111

1011
11011
001
111
00001
1000
0111
1011
11011
111
1100
11011
1000
1100
111
01100100
111
100101
0111

10110
10110
111
100110
1010
111
011000
1000
00000
11010111
111
1100
1010
111
1100
11011
001
111
1101
0110110
1010
110100
1100
11011
111
100101
0111
1100
11011
1001110
111
011001111
0111
1100
11011
111

1100
11011
0111
0100
111
00001
1000
0111
1100
11011
111
100101
001
111
100101
0111
10110
10110
111
0
11000
001
111
1000
011000
10110
001
111
1100
1010
111
11011
001
100101
111
1010
110100
1100
111
1010

00001
111
1100
11011
001
111
101111
1010
110100
0101
1100
1000
0111
0101
111
1010
00011
111
01101
0
01
0100
1101010
1000
0111
0000
111
1000
111
0100
1100
1010
0101
001
111
1010
00011
111
11011
1010
11
01010
001
1001110
111
1011100
1011100
011001111
0111
1100
11011
111
1100
11011
0111
0100
111
00011
1
000
0111
1100
11011
111
100101
001
111
100101
0111
10110
10110
111
011000
001
111
1000
011000
10110

001
111
1100
1010
111
1100
0000
1000
0101
0100
00011
1010
0000
101110
111
1100
11011
001
111
1001111
01
1000
0101
100110
10110
0111
0101
100110
111
01101
0111
0100
00010
1010
0000
01101
0100
111
1010
0
0011
111
1010
110100
0000
111
0101
1000
1100
0111
1010
0101
111
0111
0101
1100
1010
111
1000
111
011
000
001
1000
110100
1100
0111
00011
110100
10110
111
0100
100100
101110
1101010
11011
1010
0101
1001
00
111
1010
00011
111
011000
0000
1010
1100
11011
001
0000
11011
1010
1010
01101
1001110
111
1011100

1011100
100111100
0111
1100
11011
111
1100
11011
0111
0100
111
00011
1000
0111
1100
11011
111
10010
1
001
111
100101
0111
10110
10110
111
011000
001
111
1000
011000
10110
001
111
1100
1010
111
100101

1010
11100
11010111
00
1100
1010
100110
1111
1100
11011
1111
0000
10011111
111
1100
1010
111
1101010

0000
1000
100100
111
1100
1010
100110
001
1100
11011
001
0000
10011111
111
1100
1010
111
0100
1100

0001
110100
100110
101100
10011
001
111
1100
1010
101100
001
1100
11011
001
0001
10110111
111
1100
1
010
111
101100
1010
111
1100
1010
111
101111001
1000
0111
10011
111
1100
1010
101100
001
1100
11011

001
0001
10111101
111
1100
1010
111
00000
10011
0111
101110
011001
111
110100
1101010
111
00001
1010

0001
111
00001
0001
001
001
01101
1010
101110
111
1100
1010
101100
001
1100
11011
001
0001
10111111

111
11010111
0101
1010
100101
0111
0101
101100
111
1100
11011
1000
1100
111
100101
001
111
100101
0
111
10011
10011
111
011001
001
111
00001
0001
001
001
111
1010
0101
001
111
01101
1000
100100
101101
0
111
1011110
1011110
011000100
11011
0111
0100
111
100101
0111
10011
10011
111
011001
001
111
1100

11011
001
111
01101
1000
100100
111
100101
11011
001
0011
111
1000
10011
10011
111
1010
00001
111
10
111100100
1010
01101
10111101101
0010
111
110101
11011
0111
10110
01101
0001
001
0101
111
100101
011
1
10110
10110
111
011001
001
111
1000
011001
10110
001
111
1100
1010
111
11110
0111
11111
100110
00

100101
0111
1100
11011
00
0101
1111
100101
00
101110
1111
1000
0101
0111
0101
100110
00
0110001001
1
11000110001
100100
00
110101
1010
110100
0101
1100
11101
100100
00
11010111001
1100
0111
0100
00
101
0
111001
00
1100
11011
1111
1111
11010110
00
0100
100101
1111
1111
1100
00
10110
1000
0101
01101
00

1010
111001
00
10110
0111
011001
1111
11101
1100
100100
11010110
111
1010
00001
111
1100
11011
001
0
01
111
101111011
111
11110
0111
11111
100110
1001110
00
01100011110
1000
0101
01101
00
100101
11011

1111
11101
1111
111
101110
100100
111
111001
1000
1100
11011
1111
11101
0010
111
01101
0111
010
0110
1
0000010
111
10110
1000
0011
01101
111
1010
00001
111
1100
11011
010
111
011000010001
0111
10110
10
0110
0000
0111
101110
0110000111
0010
111
000100
0000
0111
01101
010
0001010
111
00011
0000
1010
101
110
111
010
1001111
010
0000
100100
111
101110
1010
110100
0011
1100
1000
0111
0011
0010
0111
01101

010
0001010
111
10110
010
1100
111
00011
0000
010
010
01101
1010
101110
111
0000
0111
0011
100110
01
100011111000'!'
0110011100
111
1011110
1011110
011001100
0011
01101
111
0111
00011
111
011001101
101
110
010
0000
0111
110101
1000
111
0111
0010
111
1100
1010
111
011000
010
111
1000
111
100110
0000
01
0
1000
1100
111
0011
1000
1100
0111
1010
0011
0000010
111
1100
11011
0111
0010
111
101110
110100
001
0
1100
111
011000
010
110101
1010
101110
010
111
1100
0001
110100
010
1001100
111
0110010110
1010
11
1
10110
010
1100
111
00001
0001
010
010
01101
1010
101111
111
0001
0111
0011
100111
111
00001
0001
1
010
101111
111
1100
11011
010
111
11011
0111
10110
10110
1100
1010
000000
0010
111
1010
00001
111
01
100100
010
100101
111
01100111010000'H'
1000
101111
000000
0010
11011
0111
0000
010
1001100
111
1011
1011001
010
1100
111
00011
0000
010
010
01101
1010
101111
111
0000
0111
0011
100111
111
00001
0001
1
010
101111
111
1100
11011
010
111
101111
0111
100111
11011
1100
100100
111
101111
1010
110100
0011
1
100
1000
0111
0011
0010
111
1010
00001
111
01100100
010
100101
111
101110110000
1010
0001
0000010
10
01100
111
1011100
1011100
11001011011
010
1011
111
00001
0000
010
010
01101
1010
110011
111
0000
011
1
0011
110001
111
00001
0001
1010
110011
111
1011
11011
010
111
11011
010
0111
110001
11011
1011
010

0011
0111
0011
110001
111
011001101
10011
10011
010
110001
11011
010
0011
1000
010
0010
111
1010
00
001
111
011001110101
010
0011
0011
0010
100100
10011
1100001
0111
0011
1000
0111
1100000
111
1100100

1100100
0110010101
010
1011
111
00001
0000
010
010
01101
1010
110011
111
0000
1000
0011
110001
111

00001
0001
1010
110011
111
1011
11011
010
111
0010
0011
1010
100101
011001110101
110101
0111
000000

000000
010
01101
111
110010010101100'R'
1010
110101
0001010
1000
010
0010
111
1010
00011
111
0110011
1110
1010
10011
1010
0000
0111
01101
1010
1100000
111
1100100
1100100
0110011001
010
1011
111
00011

0000
010
010
01101
1010
110100
111
0000
1000
0011
110001
111
00011
0000
1010
110100
111
1011
11011
0
10
111
110101
110010
0000
1100000
0111
110101
010
1010
110010
0010
111
0010
10011
1010
000100
010
00
10
111
1010
00011
111
11001000110
0111
10011
1000
00011
1010
0000
0011
1000
0111
1100001
111
1100100

1100110
110011111101
110010
1011
111
0011
1010
1011
111
1010
0011
10011
011001
111
1011
11011
0111

1011
0001010
111
10011
010
1011
111
00011
0000
010
010
01101
1010
110100
0001010
111
0000
1000
0011

110001
111
00011
0000
1010
110100
111
1001000110
1011
1010
0011
010
111
10010011011
1010
110010
0011

1011
0111
1000
0011
111
1010
00011
111
11001010110
010
1010
0000
110001
1000
0111
1100001
111
00010
0
000100
1100101010
010
1011
111
00011
0000
010
010
01101
1010
110100
111
0000
1000
0011
110001
111

00011
0000
1010
110100
111
010
1100000
010
0000
011001
111
11011
1000
10011
10011
111
0111
0011
0110
1
111
110100
1010
10011
010
11011
1000
10011
10011
111
1010
00011
111
10010011011
1000
0010
0010
100
0
0010
0010
1000
1100110
1100110
1000
111
0111
0011
01101
111
010
1100000
010
0000
011001
111
110101

1010
110010
0011
1011
0111
1000
0011
0010
1000
01101
010
1100001
111
000100
000100
100100101
0011
0
1101
111
100101
11011
010
0011
111
1011
11011
1000
0010
111
11011
0111
1101000
1101000
010
0011
0010

0001011
111
100101
11011
010
0011
111
100101
010
111
10011
010
1011
111
00011
0000
010
010
01101
10
10
110100
111
0000
1000
0011
110001
0001011
111
100101
11011
010
0011
111
100101
010
111
10011
010
1
011
111
1000
1011
111
0000
1000
0011
110001
111
00011
0000
1010
110100
111
010
1100000
010
0000
0110
01
111
1011
010
0011
010
110101
010
0011
1011
111
0111
0011
01101
111
010
1100000
010
0000
011001
11
1
11011
0111
110101
10011
010
1011
0001011
111
00011
0000
1010
110101
111
010
1100001
010
0000
10010
0
111
0001
1011
0111
1011
010
111
0111
0011
01101
111
010
1100001
010
0000
100100
111
110011
1000
10
11
100100
0010011
111
100101
010
111
100101
1000
10011
10011
111
011000
010
111
0111
011000
10011
01
0
111
1011
1010
111
0001
1101001
010
010
01101
111
110010
1101001
111
1011
11011
0111
1011
111
01101

0111
100100
111
100101
11011
010
0011
111
0111
10011
10011
111
1010
00101
111
11010000111
1010
0110
1
0110011001
0001
111
110011
11011
1000
10011
01101
0000
010
0011
0010011
111
011000
10011
0111
1100
11
0010010
111
110101
010
0011
111
0111
0011
01101
111
100101
11011
1000
1011
010
111
110101
010
001
1
0110010
111
01100110001000'J'
010
100101
0001
111
0111
0011
01101
111
11010001111
010
0011
1011
10
00
10011
010
0001
0110010
111
110100011011
0000
1010
1011
010
0001
1011
0111
0011
1011
0001
111
0111

0011
01101
111
11010001100
0111
1011
11011
1010
10011
1000
110011
0001
0110010
111
100101
1000
1001
1
11000
111
011000
010
111
0111
011000
11000
010
111
1011
1010
111
011001111
1010
1000
0011
111
1101
1
0111
0011
01101
0001
111
0111
0011
01101
111
0010
1000
0011
100110
111
1000
0011
111
1011
11011
01
0
111
100101
1010
0000
01101
0010
111
1010
00011
111
1011
11011
010
111
1010
11000
01101
111
0010
00
0100
1000
0000
1000
1011
110010
0111
11000
1001000
111
1001001001
1001001000100
0000
010
010
111
011
1
1011
111
11000
0111
0010
1011
1001000
111
00011
0000
010
010
111
0111
1011
111
11000
0111
0010
101
1
1001110
111
000101101
11011
0111
0011
0001010
111
0001011110
1010
01101
111
100100101
11000
110101

0111
100110
11011
1011
011001
1001000
111
100101
010
111
1000
0000
010
111
00011
0000
010
010
111
1
000
1011
111
11000
1000
0001
1011
1010110
1010001101
1101000
